8
1 500 1000 200 42 777 13 99
0.297352
6.371090
2.854278
-2.259498
-1.966893
-2.852889
-3.603453
4.173192
-3.199450
-1.899726
-2.294281
-2.538594
3.874936
4.961757
5.611534
-1.090369
1.048924
-0.745479
-0.368384
-2.309157
-0.839231
-0.343933
-2.180934
-2.275842
-2.600548
-1.317188
1.660530
1.298202
-2.752632
-2.416902
-1.910653
2.780318
-2.562238
-0.934862
-0.281325
0.274589
-1.389413
-2.378417
-0.848073
-0.575339
-1.578658
-1.064700
-0.575190
-0.937137
-0.836553
-0.403928
-0.884486
-2.167396
0.500147
-2.076323
0.253865
-0.177338
-0.248923
-1.764091
-1.680066
-2.543518
-2.410917
-1.821089
-1.185809
-2.756541
-3.132526
-2.614245
-2.787184
-3.377420
-1.863761
2.622542
2.640109
3.126561
0.120000
1.521781
2.178064
1.223617
1.739730
0.666415
-0.144267
-0.290117
-1.243559
-0.691128
0.906147
0.824465
-1.100120
-2.875894
0.894821
3.547822
-1.347436
0.564194
1.041877
0.702256
-1.248306
4.591502
0.986000
-2.431724
-2.896309
-2.652027
-1.673552
-1.421340
-3.182488
-1.892186
-2.559503
-1.768306
-2.418169
-2.081722
-2.149015
-1.832938
-2.122755
-2.762860
-2.518124
-2.273307
-2.079294
-2.359949
-2.774139
-1.793420
-2.381853
-2.425815
-2.386134
-2.934920
-2.199996
-2.977869
-2.199999
-2.483024
-2.698771
-2.675966
-2.460018
-2.732249
-2.394713
-3.233812
-2.440382
-2.338194
-2.658267
-2.820370
-2.353077
-3.224783
-1.411299
-2.168503
-2.218932
-2.956338
-2.501425
-2.276914
-2.864033
-2.881415
-1.879624
-2.591746
-2.369490
-2.301769
-2.919224
-2.369395
-2.257451
-2.797070
-2.397537
-2.373487
-3.521794
-1.559588
-2.981891
-2.457654
-2.047417
-2.660199
-1.860936
-2.348096
-2.854287
-2.813660
-2.552228
-2.726654
-2.474701
-2.304257
-2.133824
-2.360561
-2.729380
-2.232780
-2.972711
-2.568981
-2.671873
-2.204525
-2.539186
-2.244609
-2.142069
-2.763425
-2.730607
-2.440507
-2.357618
-2.484590
-2.271569
-2.554949
-2.248471
-2.558981
-2.617236
-2.114777
-3.050829
-3.262447
-3.043499
-1.957698
-2.893225
-2.010410
-2.485782
-2.752085
-1.655979
-2.509857
-2.439667
-2.405662
-1.544697
0.079145
-1.969854
-2.145514
-2.324342
-2.195217
-2.681511
-2.341123
-2.578828
-2.733287
-2.424883
-2.949975
-2.387671
-2.493585
-1.929816
-1.955574
-2.420727
-2.716139
-2.050211
-2.163763
-2.296495
-3.162187
-1.830144
-0.115605
-3.146594
-2.499079
-2.028072
-2.289547
-2.873101
-2.464180
-2.071917
-2.252308
-2.300444
-3.069041
-2.190552
-3.552811
-1.778903
-2.572441
-2.958306
-2.746037
-1.983361
-2.709435
-3.089406
-2.117262
-3.611041
-2.996284
-2.227888
-2.409000
-2.037009
-2.803412
-2.073814
-1.762081
-2.203392
-2.692292
-2.912370
-3.136490
-2.367676
-1.601298
-1.743178
-0.379520
-1.904565
-0.398487
0.127573
0.961135
-0.155511
1.177164
2.872034
5.499731
1.046201
-0.133379
-0.079213
-0.678110
-2.039374
-2.133000
-1.321880
-0.636571
-0.679504
0.143427
1.075199
-0.201121
3.556460
-1.125796
0.805074
-0.164824
2.067357
-0.146887
0.350942
-0.685446
-3.114577
0.381442
0.145919
3.789181
-1.600608
0.611662
-1.958453
-3.270550
0.790098
-0.532285
-0.011377
-0.842605
1.769248
-1.062327
0.450549
-2.285801
-1.123139
2.949566
-0.423582
0.156175
0.573353
0.677514
0.340946
0.798600
1.600760
-2.857114
-1.898455
-0.807541
-1.580507
3.168243
-0.874838
1.168659
-0.469347
-1.788019
-3.076136
-0.949891
-0.987274
-2.752917
-0.530780
-0.653623
-0.576878
-1.189045
-1.782906
-1.849597
-0.832916
-0.747997
-0.646394
-0.576602
-0.809133
-0.077483
1.594082
2.581836
0.496565
-2.133147
-1.075251
-0.449551
-3.683549
-0.311137
2.655658
-2.635805
0.946207
0.856446
3.127758
-0.886316
-1.079666
0.879729
-0.171467
-2.144378
2.605093
-0.319861
-0.854569
-1.721531
-1.938658
0.987326
-1.923463
2.957340
-0.442789
-0.083386
-0.772459
-1.333147
3.814172
-1.941137
-0.287440
-0.044923
3.032128
-0.133456
-1.664408
0.587136
1.976817
-0.069456
2.309119
-2.228008
-2.503534
-2.030990
-2.770766
-1.977121
0.274478
-2.535771
-1.099666
-0.555117
-1.513873
-2.249410
-2.731590
-1.475237
-0.592034
-1.692514
-1.169347
-1.298501
-1.021823
1.610729
2.789541
-0.386562
-4.009870
-1.513249
-3.098435
-0.065098
-2.316764
-0.876271
0.567959
-1.515761
-0.513259
2.247738
-2.495649
-2.686470
-2.802533
-2.496267
0.700590
1.990431
-1.523696
-3.120928
2.223484
-2.833786
-2.307553
2.035637
0.648317
-0.255336
0.230991
-1.064155
-2.322269
-0.943656
3.952981
-0.668333
-0.873715
-2.003014
2.920950
0.401176
-3.215903
0.136405
-2.181243
-2.367224
0.450715
-2.987128
4.413178
-0.418462
-0.128605
1.417861
-0.457265
2.915542
-0.047062
-1.030841
-2.690560
-2.241789
-2.657391
-0.118701
0.149531
-0.963846
1.584269
0.732086
1.163729
1.332713
3.081554
-1.757178
-0.240719
-0.436645
-1.309571
-1.483022
-1.780084
-1.089282
-2.204347
0.705927
-2.057286
-2.467290
-4.259976
-0.700622
4.283822
-3.428301
-2.134882
0.401696
-3.688597
3.254444
-1.201207
-0.044794
-2.149107
0.221445
0.706646
3.758748
0.465007
-0.214658
-2.782146
-0.288727
-1.073735
0.698617
-4.117923
-0.454326
-2.679142
0.569055
-2.341819
-1.765636
2.491122
-0.062619
-6.692621
-1.680539
-0.870507
-2.885032
-0.592849
-2.306807
-3.225404
1.678285
-1.349916
0.013901
-1.394570
-0.908808
-4.419848
-5.343813
-1.203438
0.101054
-1.793102
0.270420
-1.644594
0.814495
-1.078824
0.335558
-1.706409
-2.938890
1.624015
-2.040313
-2.932328
-1.528801
1.795771
0.472256
-0.458124
-3.453417
0.390802
-0.045415
0.957225
3.642089
1.612285
-0.884781
0.894321
-0.375219
-2.006567
-0.390686
-2.887346
-2.043700
0.248102
0.046901
-0.779843
-1.004944
-2.106089
-0.857751
0.732460
-1.592572
-0.404792
-1.396392
-1.026668
0.666224
-0.290507
-4.087563
-4.443452
-1.460725
-2.595398
2.502031
-0.773926
-1.992783
1.471241
2.465629
-0.028638
-2.498639
-1.600422
-0.193183
2.271005
1.988016
-1.659441
0.163524
-2.455487
-0.292629
-0.032797
-0.969008
-3.218107
-2.195916
-2.134753
-1.410325
-3.332549
0.266020
3.198214
-1.559620
3.467565
-1.290501
-2.176288
-2.154866
1.440788
-0.615876
-0.163662
-1.214068
-1.121061
-0.327864
-0.084085
0.533838
-4.173109
-1.271348
0.887971
-3.840228
1.123305
-0.143431
-3.875405
-2.446498
-0.022978
-2.217450
-1.363680
-4.452712
-1.442017
-2.532830
-3.486372
-1.370223
0.369829
-1.180816
-2.146771
1.192253
1.342521
-2.480243
-0.509037
-1.815860
-2.478372
-0.466789
3.016086
2.188034
0.102939
-5.050263
-2.085283
-1.976515
-0.379950
-1.845518
-0.842102
-2.507362
-0.442156
-0.652725
2.259328
0.147016
-0.933182
-1.539842
-2.270458
-3.731163
-2.216523
-3.711117
-2.511336
1.786488
2.662509
-0.282921
-2.394464
-0.559171
1.018369
0.043315
-1.009067
0.763038
-0.237119
-1.926778
0.695605
-0.277268
-0.671065
2.067542
-0.369294
-3.284708
0.394338
-0.801664
-1.932755
-1.170692
-2.223989
3.889416
0.556154
-1.994266
1.182343
-0.462348
1.373279
1.232614
0.668374
-0.533731
0.542709
2.246709
-2.189598
-2.356092
-2.462307
2.281925
0.857367
-2.190393
-0.181437
1.361150
-0.211803
-0.800085
-1.826382
-3.536155
-0.469893
-2.102652
-1.672666
1.283825
-3.745322
-2.333147
-1.817874
-0.566165
0.663710
-0.651548
-2.142921
-2.033385
-0.454129
-2.842463
-2.618925
-2.202567
-1.625207
-2.019492
-0.433912
-1.868651
-2.584617
-2.725159
-1.044676
1.265914
-2.578505
-1.005749
1.143605
0.051392
-2.079111
-0.350498
-2.937018
-0.848175
-0.918797
1.538242
-2.173217
-1.907283
-1.048229
-3.067182
2.986728
-1.857627
-0.717430
0.622006
-2.078671
-0.171688
-1.476401
-0.030787
-1.864455
-1.405821
-1.275351
2.408827
-2.027243
-1.837203
-1.905166
-0.786675
-2.249479
-2.484108
3.189677
-0.971609
-0.774389
-0.364438
-0.967819
-1.933951
-4.564514
-0.420105
-1.881853
-2.585868
3.655594
0.806617
-2.304512
-1.169005
-2.549799
-0.816921
-0.415688
-0.401970
-1.322061
-2.243383
-3.171474
-2.371488
-2.439367
-0.067832
-1.547149
5.200029
-1.296929
-2.162360
2.129485
0.930391
0.802298
0.747414
0.574673
0.379602
-0.716189
-0.350311
-2.590658
0.086429
0.471056
-0.617662
-2.475929
-2.431895
-2.177465
1.684079
0.237982
-0.515977
-0.389037
-2.864679
-0.959074
-4.129829
-1.441897
0.935828
0.847604
-0.232104
-4.167418
0.282858
-2.474627
-0.293950
-1.237350
0.273747
-2.510085
-1.006022
-0.305226
0.050199
-2.116647
-2.320943
0.014304
-0.571719
-1.693353
-0.342680
-0.471293
-1.890465
0.632792
-1.432426
0.040951
-3.059613
-1.425216
-0.702986
-0.339749
1.369876
-1.919029
-0.670412
-2.376187
-2.969681
-2.621112
-0.764472
-3.669740
-0.991595
-3.640128
-2.315401
-0.563317
0.163423
-2.255447
-2.329836
1.508411
-0.833049
1.078860
-0.994519
-0.818844
1.716883
-3.884551
-3.048808
-0.596959
-1.168298
-2.465269
0.582914
2.724374
-4.211085
-1.838492
2.131103
0.156346
0.539312
-2.401910
-0.515309
1.400747
-1.235949
-3.526885
-0.580367
-2.687337
-0.994707
-0.731565
-0.595041
-0.189121
1.029696
-1.553650
0.551791
-3.080107
-0.711110
-1.571246
-2.462064
-2.508929
-4.281010
0.942755
-2.371090
-1.952455
-1.273894
0.383745
-0.509862
-2.663142
-3.412060
-2.048049
-1.251136
-2.027514
-1.831944
0.454807
2.101716
-1.339434
-2.108963
-1.093457
-2.044817
-1.307346
-2.458180
-0.139624
-0.849859
-0.682445
0.228188
-1.902592
-0.271272
-0.301245
-1.732309
0.874143
0.943521
2.560949
0.392898
-0.137424
-0.284871
-1.598016
-3.131413
0.213790
-1.261935
-1.212256
2.075851
-0.254392
-1.002382
-1.845287
-2.964783
-1.903040
-2.552233
-0.500044
-2.819203
-0.792229
-1.022694
-0.940305
-2.615844
-0.926989
-2.546595
-3.532526
-1.665855
1.436339
-0.821597
-2.748527
-1.054588
-3.195860
-0.085591
-2.797635
-2.721843
-0.802450
-0.337932
-0.907729
-2.114254
1.476823
-1.911730
-0.520150
-2.038930
-1.943196
-0.598755
-1.780467
-1.004391
-3.529130
-0.981752
1.239993
-3.590217
-2.477061
-1.333752
-1.643479
-2.210712
-4.509793
-1.518466
-3.931990
-1.921785
0.038304
-0.873112
-2.986485
0.099091
0.968355
-2.402267
-4.339394
-4.053461
-1.655520
0.290958
-3.775227
0.827817
1.796049
-2.275308
-1.896319
-2.651722
-1.583904
-2.324766
-1.708679
-2.688405
0.322779
-2.126014
0.549188
2.332444
0.100468
-1.174062
-3.362424
-0.639795
0.163473
-0.989386
-0.741590
-0.680693
-1.682683
-2.308357
-3.597113
0.840560
-1.751779
-1.454962
-1.824004
-2.149291
-4.834115
-2.608879
-2.409055
-2.309800
-0.126156
-2.149988
-2.328731
-0.636875
-1.653884
-1.923743
-0.552611
-2.665244
0.861210
-0.048076
-3.927468
0.077408
-4.765224
0.015709
-1.448200
-2.040666
-2.350110
-2.447257
1.391608
-2.533937
2.066519
-3.050471
-1.294212
-2.791437
-3.087509
1.068265
-1.353730
-1.727274
-3.085437
1.951062
1.505340
-1.796227
-3.040211
-2.118107
-1.583316
2.449741
-0.642213
-1.335657
-0.207637
-1.651939
-3.639084
-0.679964
-1.622792
-0.866429
-2.378150
-2.216275
-1.170789
-1.146486
2.437187
-0.612452
-3.176344
-2.399880
-1.260880
-3.476135
-1.646502
-6.516523
-1.893405
0.764172
0.921419
-3.005619
-2.238801
-2.960638
-1.665832
-2.401796
-3.000099
2.080352
-1.406174
0.895361
-1.919920
-1.251404
-2.289341
-2.559889
-0.161137
-1.648721
-2.018295
-0.480178
-1.312521
-0.862828
-3.510734
-2.136691
-3.579317
-1.200403
-4.863224
-1.108967
-0.755512
-0.971960
1.256949
-3.061696
-2.486835
-0.450399
-1.567859
-0.351926
-0.514025
-3.725842
-2.690576
-5.412554
-2.204462
-4.022162
1.303162
-1.913050
-1.024646
0.628454
-0.680792
-4.183913
-1.005974
-4.043624
0.482081
2.179037
-1.819458
-3.066490
-0.509037
-2.309353
-1.842004
-3.849289
-2.059602
-0.705129
-2.000203
2.123647
-2.421690
-2.411457
-0.135463
0.754448
-1.502768
-1.944917
1.227149
-3.012646
1.516739
0.546894
-1.595616
-0.196947
-1.724199
-0.396354
-0.295512
-1.222930
-1.196747
-0.334446
1.649471
-1.452063
-2.375648
-0.732422
-1.137333
-0.422276
2.056810
-0.271499
-1.028597
-0.387612
-2.491004
-1.901236
-1.141542
-1.344208
-1.405514
-1.144596
-1.287578
-3.619236
0.001982
-3.594433
-1.394691
-2.656273
0.669664
-2.260912
-1.713459
-0.398683
0.233321
-3.383709
-3.466712
-1.455385
-3.609572
-1.869471
-3.107925
-1.812115
-3.197932
-1.415578
-2.634590
-0.202500
-0.890136
-2.190599
-1.506098
-1.303141
0.817216
-1.179632
-2.808741
0.138353
-1.684971
-2.327404
-1.788767
-0.927410
-1.849255
-0.943436
0.121632
-0.628114
-1.329243
0.158450
-2.565955
-1.869918
-1.265164
-2.987758
-1.500015
-2.874145
-1.894654
-0.410075
-2.644497
-0.109074
-0.956159
-1.042828
-3.739564
-0.470137
-0.258991
-3.486404
-1.399068
-0.808187
-0.847744
1.564503
-1.617781
-2.924546
-0.934358
-1.158210
0.088395
-0.481744
-0.394281
-1.222207
-2.334492
-1.502973
-3.020076
-3.721835
-0.666247
-2.104574
-3.233751
-1.154630
-1.597865
-2.870238
-1.770333
-1.237660
-3.108170
-0.051568
-3.069536
-1.360978
-0.570083
-1.875053
-2.279579
-3.801693
-2.675571
-0.123695
1.130644
-3.883126
1.379900
-3.467472
-0.898589
-1.644900
-1.759650
-4.000395
-1.810782
-0.922109
-0.636866
-2.429308
-0.981304
-1.329019
-1.009560
-1.037961
-2.692625
1.104778
-1.773392
-0.170966
-3.736086
-1.002758
-1.696156
-2.795927
-1.416211
0.118355
-1.706499
3.200091
-0.890700
-1.785406
1.568142
-2.794642
-1.272899
-2.551638
-1.857382
-4.224839
-2.898675
-1.898273
-3.215483
-2.555150
3.789156
0.511038
-4.413643
-0.508697
0.143806
1.355991
-2.220214
-2.215117
-1.712119
-2.089090
-3.365476
-1.381698
-3.843535
-0.977135
-0.344936
-1.263113
-3.802756
0.718504
-3.557729
-0.034934
-3.114345
-5.034743
-1.784864
-1.044111
-1.468689
-0.250063
-2.360357
-2.681189
0.625522
-3.212460
-2.814927
-1.804873
-2.945180
-1.272229
-0.932662
-0.968377
-0.513425
1.820339
-0.325997
-1.208969
-0.009549
1.670492
0.792279
-1.458183
-1.150340
0.027192
-1.044690
-1.162358
-1.625161
-3.708591
-1.262413
-1.171056
-1.478127
-2.214719
-1.468878
-1.837087
1.373862
-3.076791
-4.101934
-1.096997
-1.790120
-2.117489
-0.343891
-2.076358
0.306733
1.681705
-2.808102
-1.016948
2.098228
-2.098874
-2.724526
-1.413130
-1.543259
0.162827
-1.095009
-3.172870
-3.363392
-4.098321
-1.978610
1.114681
0.544097
-4.588994
-1.140041
-2.188158
-1.360496
-2.344747
-1.350450
-2.305353
-1.848564
-2.293607
-0.500211
-3.132798
-1.020020
-4.004150
-3.711851
1.578401
-4.573920
-2.933085
-1.163027
-3.143831
-3.408517
-1.584168
-2.032403
-4.178544
-4.593284
-1.116534
-1.048714
-3.566450
-0.512131
-2.533736
-0.867192
-3.303948
-1.843158
-1.101788
-1.360613
-1.982601
-1.416206
-1.558630
-2.678663
-0.263412
-4.127996
2.032242
-0.943162
-0.552721
-0.619293
-1.190227
-1.167603
-3.334125
-1.806460
-1.252462
-1.072419
-1.439317
3.415652
-2.524033
-2.635440
-1.693817
-0.759607
-0.944688
-0.885957
-1.571869
-2.984761
-0.987621
-2.071075
-1.126522
-0.435772
-2.449272
-2.928882
3.555865
-1.918115
-1.515660
-0.950096
-2.787874
-4.778166
-2.495536
-2.323213
-1.352941
-2.794460
-0.895326
-1.530547
-0.801972
-0.976486
-3.440875
-1.585179
-0.987032
1.771702
-0.475937
-0.934851
-2.108507
-3.412260
-2.580852
0.164285
-0.410745
-0.309129
-3.850812
0.296012
-1.581633
-0.718777
-4.105508
-0.125657
-1.237221
-1.906392
-3.175532
-2.266430
3.776147
-1.551766
2.254369
-3.074591
-1.597376
-0.402338
-0.588511
-1.106766
0.545263
-4.779137
-2.678439
-1.450270
-2.343919
-1.215355
-1.519141
-1.501645
-2.174135
-2.049862
0.036562
-2.007271
-1.826804
-3.317243
-0.696583
0.077597
-1.852849
-0.116108
-4.364734
-1.736739
3.022685
-3.653239
-3.052458
-0.893786
-3.773023
-2.131774
-1.568731
2.691261
-3.116066
-1.414602
0.395572
-1.146575
-2.017818
0.822129
0.326271
-2.078549
-2.047537
-2.448782
1.061222
-1.791610
-1.801849
-0.646786
-3.517445
-0.883054
0.866776
-0.365191
-0.371912
-2.717835
0.416609
-2.087409
-1.386158
-3.588497
-2.019995
-4.181271
-2.285870
-4.450197
-3.700082
-1.933581
-1.665833
-4.609746
0.666619
-3.279443
-1.172081
-0.478701
2.026853
-3.015749
-2.049350
-1.101582
-1.385375
-0.733182
0.435041
-2.945034
-2.982322
-0.685923
-3.309890
-1.137798
-1.506922
-5.064709
-2.481418
-1.448211
0.308829
-2.236604
-2.178178
-1.486799
-0.009882
0.510562
-1.702799
-1.538408
0.254713
-1.955710
-1.735390
-2.192226
-1.192952
1.242319
-1.135669
0.731075
-2.139168
0.649764
-1.544175
-1.294213
-3.409520
0.964294
-0.770863
1.103171
-0.643393
-2.084071
-2.817595
-0.086027
-1.065010
-0.899067
-0.157423
-1.351204
-1.569850
0.805254
-2.904097
1.169170
-2.571012
-1.147661
-2.975564
-2.964783
-0.212364
-1.084222
-3.252286
-1.956755
-1.464665
-2.695630
-1.309136
-0.722466
-1.967761
-3.281995
-3.317740
-2.355727
-0.528177
0.619708
1.043846
-1.302244
-1.354426
-0.195935
-1.982403
-1.334856
-0.409697
-3.233135
-0.385300
-1.918766
-3.091283
-3.474918
-2.000166
-3.119745
0.306122
0.604345
-1.209130
-4.327901
-0.500368
-0.884347
-0.665228
0.299524
-2.682729
-3.256118
-2.514539
-2.452919
-2.036653
-2.810335
-2.311330
-0.733440
0.642700
-3.621513
-3.033641
-2.125697
-0.088346
1.095131
-1.638713
-0.741323
-1.142068
-1.301684
-1.253163
-0.837907
-3.545288
-2.789062
-2.830844
-0.060171
-2.133987
-1.134611
-2.248199
-1.672812
-2.633142
0.152093
-0.697004
-0.510957
-3.367569
-1.830592
0.519097
2.799037
-0.760356
-3.815654
-0.859253
-3.409249
-0.769441
-1.358076
-3.768476
-2.008514
-2.773009
-2.146129
-3.348267
-1.692856
0.376506
-0.405526
-3.239170
1.103481
-0.169488
-1.400328
-2.891783
-2.277562
-3.077770
-1.090029
0.293035
-1.154987
-2.708657
-1.367444
1.036862
-2.675350
-2.137867
-0.473038
-2.907863
1.519964
-2.015782
-0.719629
-1.323624
-0.572535
-1.388863
-1.033131
-0.201574
-1.071134
0.330374
0.388303
-2.762490
-1.203350
-2.329927
0.394693
-2.047774
-0.483736
-1.121282
-2.623042
-0.328702
-0.750232
-0.049051
-3.636265
-1.523067
-1.153663
-0.779697
-0.628132
-3.668967
-2.415882
-1.937264
0.312442
-1.821366
-1.531869
-2.973710
-2.973403
1.401375
-2.752779
-1.487203
-1.461628
-2.703731
-0.852807
-2.395064
-2.219438
-0.646328
-3.666299
-2.880069
-2.457599
-0.013570
-2.277628
0.530604
-5.779868
-1.528243
-1.786560
-2.528817
-1.156926
-1.120954
3.355504
-3.155739
-1.247588
-1.008197
-2.825030
-3.984990
-0.080816
-4.363951
0.430319
-1.135491
-0.118813
0.186605
-1.056881
-1.391088
-3.473685
-1.156335
-1.591821
0.107506
-0.809958
-3.055065
-3.030306
-0.182732
-0.828455
-1.996198
-0.650946
0.380175
-2.166892
0.575634
-1.536127
-0.251237
-3.118222
-1.718020
-1.743218
-1.541134
-0.288331
-3.157956
-0.915462
-1.892516
0.555715
-1.845279
-2.142061
-3.430021
-3.405847
-0.280432
-0.212036
-2.023273
-3.016113
-1.847284
-0.574850
-1.628748
-2.212473
-3.623665
-0.998022
-2.540578
-1.619783
-2.276780
0.923482
-0.132609
-1.155738
-0.953907
0.600031
-3.800189
-3.901721
-1.461415
-2.359905
-1.122338
0.039583
-3.195679
2.787809
-1.267885
-1.216067
-2.349382
-3.410738
-3.506416
-2.610271
0.432392
-0.942878
-2.218542
-1.179372
-2.509751
1.198753
1.850531
-1.830269
-2.180545
-0.916613
-2.963019
-4.459495
-1.986143
-2.848823
0.256699
-1.382461
-3.509697
-1.441205
-0.482004
-2.895458
-1.654389
-3.512815
-0.346428
-1.476936
-2.075794
0.476770
-2.894966
0.237747
-0.161532
-1.699813
1.358055
-4.096775
-3.912368
-1.462387
0.223154
-2.520620
-3.541866
-1.998665
-1.137100
-0.226669
-4.454901
0.597974
-1.071506
0.140600
-3.843221
1.551586
-2.535776
-1.548127
-0.089660
-1.064770
0.369967
-3.512775
-2.284054
0.299088
-0.610619
-2.508926
-1.053035
0.741232
0.945661
-1.766077
-1.414628
-1.093369
-1.474619
-3.159432
-1.198695
-1.441067
2.451549
0.786162
-0.578324
-1.643546
-1.071680
-2.710912
-1.584937
1.833280
-0.773057
-1.465366
-2.656927
-0.814999
-0.585692
-1.502384
-2.308670
-1.250694
-2.210911
-2.150943
-2.783851
-2.331220
-2.469437
-0.256608
-1.676404
-2.130350
-0.204088
-2.873936
-0.554671
1.771680
-1.313044
-3.146778
-1.416149
-3.249670
3.543869
-2.449338
-2.740561
-3.049845
-3.317259
-2.896357
-1.185652
-0.764021
-1.827719
-3.530534
0.131027
-0.411478
-0.052603
-0.799137
0.633484
-2.538538
-3.793687
0.943188
-0.572766
-0.135481
-1.561678
-2.277945
-2.032624
-2.309429
-2.025453
-0.334288
-3.133559
0.129410
-3.413633
-0.950018
-2.668433
-2.183302
-1.467740
-1.344751
-2.300289
-1.372622
-1.466678
-2.446083
-2.814304
-1.402044
0.074603
-1.543715
-2.190272
-0.548802
-1.195893
-1.092996
0.070731
0.229973
-0.795514
-0.900651
-1.976699
-3.318696
0.578020
-2.822097
3.006646
-1.827471
-2.121404
-1.585180
-1.906915
-2.293115
0.265253
0.059114
-2.287983
-2.083215
-0.604897
-1.306036
0.118188
-1.339537
-1.666818
-0.911489
-1.088308
-0.319980
-2.002087
0.057128
-3.878813
-3.207900
-2.104406
-1.028513
-3.974798
-0.875281
-0.529386
-3.848036
-3.123928
-1.022223
-4.016675
0.741928
-1.964884
-2.006550
-1.722439
-4.261946
-1.072320
-1.487122
-0.842924
-3.038147
-1.785444
-1.568499
-1.501324
-0.042203
-1.379205
-5.507908
1.471641
-1.155654
-2.218596
-3.897140
-3.294035
-0.729763
-1.439874
-0.285922
-2.371757
-3.213700
-1.358136
3.013478
-3.911845
-2.088027
-1.063925
-1.484896
-0.599628
-2.816618
-0.408500
-0.350064
-4.571282
-0.995462
-1.436504
-2.720618
-2.873695
-0.766895
-3.838903
-1.538168
-2.535141
-0.844537
-1.649779
-1.955289
2.715054
-0.653226
-1.938927
-1.193892
-2.734234
-3.079558
0.554946
-0.483610
-2.187382
-3.949668
-2.940286
-1.491544
-5.149308
-2.264277
-3.384195
-2.436675
-2.998525
-0.744378
-5.445426
-3.150002
-3.507990
-1.478476
-1.032621
-2.708925
-1.775974
-0.687938
-3.469080
-0.773403
0.832508
-2.838030
-1.755206
-0.461566
-0.841812
-3.479932
-1.291357
-1.905772
-5.253284
1.235113
-3.244743
-1.132549
0.547353
-1.336522
-1.623004
-0.293379
-4.206230
1.531169
-1.701384
-2.659121
-1.994836
-3.923774
-1.936990
-2.879475
-2.736057
-2.234870
-3.030144
-3.449489
-2.115542
-1.353475
-1.285178
0.785906
-0.945895
-3.950351
-0.968263
-0.695822
0.123464
0.318237
-0.923789
-3.339704
-0.905707
-0.736344
-1.387670
-2.157596
2.325518
-1.311481
-1.607050
-1.397111
-3.371313
-0.828777
-2.303680
-3.122320
-2.337722
0.176788
-1.137837
-2.090945
-3.245513
-1.341999
-1.797885
-2.047093
-2.317813
-2.042500
-3.364265
1.176208
-1.411351
-1.108983
-0.885306
-1.239149
0.047957
-2.188040
0.300108
-3.270361
-1.305016
-3.611454
-1.745957
-3.504032
-1.626103
2.096935
-2.236352
-4.054736
-2.153258
-3.288183
-2.420874
-0.903627
-2.354885
-3.961869
-1.986208
-2.905019
-1.635319
-1.341851
-0.117792
-2.641399
-2.131601
-1.076694
0.030906
-2.977273
-2.608691
0.412196
-1.548687
-1.301485
-2.802141
-1.510173
0.036723
-1.375369
-3.073541
-1.655043
0.906559
-0.936097
-2.150813
-2.446413
-1.379628
-3.659053
-1.810545
0.280699
-1.648492
-1.478031
-2.142017
-5.102120
-2.671645
0.058743
-0.389760
-2.307134
-1.351519
-2.744064
-3.886252
-1.307734
-3.277024
-1.766358
-0.978857
-0.454445
-2.353975
-0.643683
-2.278281
-1.963012
-3.508434
-2.304641
-1.963567
-2.250650
0.689313
-1.645156
0.051154
-1.851933
-1.302645
-1.721498
-1.522424
-0.889565
-1.875820
-1.736158
-1.675700
-2.464549
-1.976594
-2.015324
-3.424977
-3.831248
1.406419
-2.186817
-3.177767
-1.214238
1.174675
-1.523244
-0.028403
0.532536
-3.230454
-2.131965
-1.101790
-2.237843
-2.057140
-3.243055
-0.260744
-3.510044
-2.711386
0.117570
-3.145756
-2.489988
-1.345014
-1.240804
-0.712644
-1.706681
-1.733609
-1.878091
-2.730834
0.261325
-1.421027
0.526060
-1.410630
-0.847637
-1.562630
-1.702973
-4.072165
-0.633900
-0.764733
-2.229066
-1.531406
-1.824001
-1.651384
-2.378616
-1.255620
-3.152778
-1.890433
-0.356749
-2.821782
-3.221657
-2.081948
-1.927211
-1.650946
-1.856500
0.744583
-1.318784
-1.538268
-2.085885
-1.320599
-1.699901
-1.010291
-3.930707
-2.368020
0.360323
-0.922449
-4.300727
-1.721189
-1.506801
0.454069
-2.171703
-2.314503
-0.893892
-1.234188
-2.744696
-2.002090
-2.452149
-2.981159
0.240360
-2.568272
-1.541691
-2.428611
-1.914664
-3.464681
0.066396
0.252942
-2.093789
-0.999924
-0.461984
-2.369113
-1.525127
-0.291673
-1.851193
-3.317162
0.782676
-3.623217
-2.018873
-3.165719
-4.151689
-2.747640
-3.592319
-0.354338
-3.999969
-1.414473
-3.455882
-2.009322
1.536495
-1.604194
0.854921
-1.444894
-2.488215
-0.880838
-0.725533
-1.882278
-2.415565
-2.474841
-1.393122
-2.761300
-0.194738
-3.563256
-2.163694
-0.900093
-2.116381
-0.374650
-1.869006
-5.222658
-2.233979
-2.852918
-1.896511
-0.387308
-1.162138
0.047627
-1.362210
-0.574480
-2.376448
-2.381326
-2.520769
-1.818211
-4.336060
-2.266609
-0.831350
-1.994875
-2.339112
-3.959697
-2.861792
-2.456141
-1.238983
-1.663665
-0.731289
-2.981760
-1.794189
-3.633936
-1.807119
-0.973773
-1.359578
-1.066813
-1.565854
-1.785237
-0.236931
-1.552367
-2.871091
-1.318758
-1.216869
-3.009764
-2.920381
-2.445801
-0.388727
-1.918272
-3.977193
-1.836092
0.898375
-2.898861
-0.764286
-0.691502
-2.178632
-0.766876
-1.898162
3.506934
-2.048615
-0.171710
-0.919193
-2.108065
-1.830687
-2.872437
-1.363353
-2.543606
-2.390040
-1.526779
-0.717505
-2.255759
-1.297934
-2.256258
-1.367855
-1.684869
-3.729813
-1.105930
-3.176415
-0.625784
-2.800228
-1.752062
-2.454619
-2.365708
-1.303338
-0.877831
-0.746215
-2.438863
-3.066626
-2.373008
-3.202112
-1.863531
-1.777405
-2.263195
-0.480627
-2.984392
-3.043462
-0.010725
-3.090727
0.674492
-0.919909
-2.139872
-4.361835
-1.373939
-2.544121
-3.331198
-3.030028
-0.714409
-2.306857
-0.239627
-0.329736
-2.114312
0.046216
-2.259218
-0.470888
-1.672744
-0.244401
-2.210733
-4.166490
-2.340782
-2.917682
-1.320881
-1.796827
-1.482612
-1.552156
-3.129383
0.161282
-2.933030
-2.131999
-2.733055
-2.166679
-0.025276
-2.277143
-3.670433
-1.705225
-2.135063
-1.047622
-2.144297
-1.639640
-0.112416
-1.388914
-0.916408
-1.195838
-2.404390
-2.987695
-2.236732
-2.860035
-1.263524
0.999305
-3.340079
-0.275203
-2.697900
-2.151478
-1.748596
-1.559034
1.037167
-2.873200
-1.466477
-2.007996
-3.220962
-3.381761
-4.283597
-1.992329
-1.775385
-2.489593
-3.361654
1.163549
-2.474390
-3.571486
-0.162580
-0.950022
-0.612022
-1.368561
-2.742174
-1.286238
-0.772349
-1.727632
-1.920258
0.669633
-3.223739
-2.824626
-3.006310
-2.868475
-4.362347
-2.762029
-2.194883
-3.282280
-0.942593
-1.223947
-2.488355
-1.735927
-2.239798
-1.276274
-2.323252
-2.767802
0.928045
-2.078566
-0.545084
-1.704489
-1.602092
-1.448714
-2.161589
0.667455
-5.251377
-2.368155
-1.965289
-3.566678
0.137275
-0.136403
-1.904988
-0.775550
-3.386190
0.195194
-1.721617
-4.243360
-2.967581
-1.847509
-1.961148
-1.313016
-2.896783
-2.245444
-1.790208
-1.963444
-0.754943
-1.664287
-0.512807
-3.108877
-1.700401
0.712681
-2.235067
-3.707312
-1.947907
-4.044882
-1.642544
-2.067608
-0.689317
-0.304022
-0.861933
-2.310811
-3.908451
-1.133997
-2.193462
-1.926842
-3.227853
-3.755045
-1.547093
-3.116937
-2.654868
-0.689794
-0.968036
-2.964366
-1.687079
-1.105644
-0.969276
-2.133154
-0.605187
-2.681927
-3.039095
-3.581919
-2.438770
-0.995820
-0.707875
-1.875903
-2.558323
-2.417245
-2.868885
-1.830637
-5.967654
0.843551
-3.329507
-1.916908
-2.584229
-0.640862
-2.636433
-2.452231
-1.136912
-2.030681
-2.371452
-1.068888
-1.278004
-2.919620
-3.540259
-0.892649
-3.180143
-1.369812
-0.056397
-2.963630
-3.329374
-1.561222
-2.711774
0.528914
-2.647039
-3.203953
-0.882666
-2.598626
-2.045200
-1.870128
-0.583251
-1.561300
-0.471065
-3.492316
-0.583379
-1.929476
-2.293978
-0.969929
-0.623534
-1.994635
-2.086661
-0.945067
-0.560498
-1.477163
-0.214127
-1.094722
-3.213777
-3.183522
-0.520931
-2.066060
-1.697545
-2.425756
0.173407
-1.506216
0.642049
-1.172398
-1.135837
-2.668368
-1.999486
-4.287819
-2.315371
-2.380342
-3.181505
0.025619
-0.950074
-1.351080
-1.841594
-3.101117
-3.086218
-2.614214
-1.308737
-2.560844
-2.433771
-0.342435
-2.613812
-1.972070
-3.369248
-0.112401
-2.897779
0.093129
0.065634
-1.166543
-0.255267
-1.097005
-3.556716
-3.681849
-1.467937
-3.758151
-0.865672
-1.919968
-0.820117
-2.329165
-0.229050
1.507739
-2.975345
-1.399664
-0.231341
-6.135664
-1.612196
-0.817350
-0.972176
0.958387
-5.638197
-1.873433
-0.307009
-2.155153
-2.980320
-2.949021
-1.239339
-2.322033
0.350549
-1.689477
-4.208873
-1.452695
-0.340651
2.079387
-1.751060
-0.606561
-3.269751
2.777282
0.038861
0.058570
-0.055014
-1.009493
-1.640910
-1.532858
-0.407728
-1.128097
-2.123768
-2.640754
-2.857679
-2.880268
-0.219456
-1.895883
-1.116981
-2.925665
-3.292271
-2.790333
-0.671116
-2.651160
0.481455
-3.386086
-0.276754
-2.648634
0.288396
-1.386668
-3.693071
-4.530739
-1.641466
-3.262135
-1.841132
-0.597315
-1.056971
-0.655524
-0.746242
-4.115976
-0.824132
-1.270490
-1.309730
-1.914080
-1.381633
-3.620606
-1.343131
-1.066785
-3.563635
-1.766198
-2.789593
-2.185541
-1.951048
-1.801719
-1.715514
-3.102921
-3.334494
-3.709282
-2.150149
-2.579899
-1.380044
-1.026225
-0.315355
-2.831886
-2.007361
-1.493133
-1.482477
-4.298872
-0.996542
-1.678470
-1.686928
-1.808752
-2.200020
-2.383469
-4.338032
-2.371261
0.209658
-4.129053
-2.489948
-1.872811
-2.036209
-0.339178
-2.365314
-1.712533
-1.981557
-2.913230
-2.808902
-2.694738
-2.159165
-0.971492
-1.597800
-2.346949
-0.146856
-2.282578
-1.061702
-2.308069
-1.051317
-1.008325
-1.619930
-3.254212
-2.235901
0.393397
-1.172734
-3.561032
-0.795575
0.065048
-3.033084
-0.906837
-0.460546
-1.586513
1.611475
0.188020
-2.794484
-3.152727
-0.632385
-2.171414
-4.093824
-3.452580
-0.900184
0.022344
-3.262375
-3.689824
-1.018702
-3.811382
-1.846902
-1.956630
-1.500484
-1.472890
-2.422252
-1.126457
-0.828107
-2.934611
-3.503318
-0.773199
-1.759395
-2.749285
-3.852937
-1.887191
-0.224557
-1.651852
-3.835003
-3.068974
-2.438597
-2.131647
-3.853634
-2.249540
-1.962495
-3.012603
-2.973294
-1.401384
-1.765104
-1.756535
-2.305035
-1.085422
2.162543
-2.156681
-2.460393
-1.919604
-1.299681
1.967995
-1.623814
-2.039783
-1.537405
-3.033456
-1.251057
-1.636600
-2.282772
-1.124495
-2.799115
-0.213534
-2.568429
-2.640357
-2.766311
-1.936379
-0.534943
-1.231928
-1.783293
-0.519481
-3.195042
-2.798060
-0.649122
-0.732357
-2.204324
-2.493760
-0.717436
-2.756818
-0.968486
-1.800594
-2.733518
-2.322608
-0.777548
-2.554984
-1.676466
-2.245479
-0.858787
-1.877115
-3.549752
-2.241182
-3.413665
-2.637667
-2.799944
-1.425098
1.503699
-2.116284
-2.579045
-2.225995
-2.646763
-3.132046
-2.131910
-3.967823
-0.487725
-3.410354
-2.023829
-3.534541
-2.513272
-1.278375
-2.419321
-0.599396
-2.081444
0.258843
0.606227
-2.051589
-1.588476
-3.484648
-0.567232
-2.922978
-2.750581
-2.200618
-3.907011
-0.636490
0.468689
-1.719321
-3.754079
-4.063141
-1.971920
1.062773
-1.984035
-1.448243
-2.558258
-3.612823
-2.936668
-0.620316
-1.018003
-2.204989
0.401178
-0.181988
-1.272051
-2.808920
-1.126793
-3.358664
-2.338905
-0.013501
-2.154114
0.113554
-2.698977
-2.598582
-1.732246
-1.692040
-2.088115
-1.372801
2.116440
-0.752823
-3.701893
-3.091123
-2.115504
-2.171105
-2.533465
-4.062426
-1.091765
-2.510865
-3.131563
-2.174060
-0.727030
-3.105269
-2.597686
-0.453980
-1.056031
-4.931167
-1.816498
-1.797401
-1.085815
-3.090487
-0.927978
-1.914021
-2.113962
-1.988404
-2.177542
-2.874799
-2.382048
-0.546119
0.196476
-0.557813
-2.657839
-3.372219
-3.114085
-2.409866
-2.033499
-1.389488
-2.107030
-1.162358
-1.406984
-2.533114
-2.373378
-3.171534
-0.696792
-0.693675
-1.988500
-2.746812
-0.739583
-1.509761
-0.706757
-2.644322
-0.575148
-0.540431
-1.138072
-4.493281
-1.721975
-1.917742
-0.794785
-2.212310
-1.206303
-3.102274
-1.781131
-1.019116
-1.387461
-2.052313
-4.208223
-1.816783
-0.774024
-4.023134
-4.668016
-3.554430
-0.139750
0.599036
-2.903544
-3.778585
-2.122170
-2.124263
-1.640950
-0.883975
-0.004371
-1.628227
-2.548517
-2.700475
-0.951888
-2.894128
-4.931712
-3.256976
-3.762316
1.746566
-0.789582
-3.135132
-2.902682
-2.708944
-3.191558
-1.862083
-2.590695
-2.451079
-0.699432
-2.379260
-3.156147
0.562512
-2.430876
-1.669807
-2.040735
2.324793
-0.677425
-0.208024
-1.880061
-3.304399
-2.524456
-2.982913
-0.341317
-0.621882
-2.338740
-0.823167
-1.643680
0.748409
-1.187310
-0.753244
-3.255796
-3.342218
2.338341
-1.830181
0.735921
-1.881433
-1.624854
-1.486365
-0.361764
-3.677717
-2.523839
-3.075389
-0.940261
-4.469725
-1.571501
0.176366
-2.841311
-3.205249
-2.739482
-2.161954
-2.528279
-3.356124
-1.310922
-3.401347
-2.344886
2.798495
-3.924306
-1.122306
-2.505893
-2.808922
-1.989923
-0.950128
-2.781136
-2.780001
-1.558016
-1.264986
-2.747423
-1.854371
-0.520789
1.245206
-2.859646
-0.288395
-3.845973
-1.889798
-1.615216
0.652883
-2.513394
-3.334704
-2.254299
-2.819378
-1.232382
-3.111744
-1.336416
-2.973677
-2.341893
-2.665911
-0.390656
-1.934914
-1.172372
-1.191042
0.126427
-2.473767
-3.504403
-2.452069
-2.083475
-3.505071
-1.824387
-1.331818
-2.881717
-1.258174
-2.327209
-3.350667
-0.616692
-1.805950
-2.773922
-0.769271
-0.637319
-0.606790
-0.210465
-2.111538
-2.058333
-3.266619
-2.473417
-2.427434
-2.324942
-0.584506
-2.716962
-1.518595
-3.023126
-3.101177
-2.607014
-2.608593
-1.237932
-1.599090
-2.068882
-3.739159
-1.039060
-2.711204
-3.612194
-1.769369
-1.651743
-0.612911
-0.961752
-3.479542
-0.643322
-2.106295
0.442244
-2.348929
-2.296867
-3.043280
-1.291314
-1.719324
-1.433089
-2.624519
-1.969487
-1.667279
-4.038028
-0.688882
-1.031156
-1.809620
-0.475403
-1.207645
-2.618221
0.463336
-2.022170
-2.690277
-0.787659
-1.572672
-1.437768
-5.385476
-1.247882
-3.033364
-3.014045
2.631493
-2.562132
-2.876256
-1.476308
-3.041836
-3.096869
-2.513355
-2.055410
-3.908964
-3.227796
-1.739767
-4.581937
-0.605014
-1.978933
-1.689901
-0.069772
-2.201320
0.889094
-1.207736
-1.203554
-2.745711
-1.535565
-3.272193
-1.638554
-2.226218
-1.191139
-1.707346
-2.214745
-1.683059
-1.284257
-1.052370
-1.969464
-0.064460
-0.291826
-1.447198
-0.910651
-2.748393
-2.377278
-0.717804
-1.571439
-0.326989
-0.789363
-3.418039
-2.766680
-2.208206
-2.489353
0.988265
-3.000757
-3.542470
-2.153296
-4.037405
-2.480407
-2.466797
-2.524241
-1.829905
0.293126
-0.002973
-1.727984
-1.534629
-0.020071
0.243793
-0.989667
-1.708230
-2.496317
-3.333332
-0.966277
-3.589307
-1.139097
-2.654138
-2.389404
-2.494887
-0.314534
-1.503015
-1.278381
-2.240415
-2.437485
-4.190591
-3.247765
-2.168660
-1.592574
-2.868925
-1.727074
-2.218829
-2.159901
-1.707611
-1.345097
-2.454101
-1.135643
-2.627270
-0.544934
-3.743696
-3.376246
-2.312303
-2.668041
-2.345464
-3.209446
-1.779249
-0.832268
1.124738
-0.574741
-2.454912
-4.074440
-2.483693
-1.528420
-3.432418
-2.840382
-3.710709
-1.848840
-1.375426
-1.079543
-1.064937
-2.016526
-1.731215
-1.725273
-0.994264
-1.447113
-1.670671
-0.420720
-2.779543
-3.501606
0.620341
-2.492251
-1.988795
-1.579066
-2.941807
-2.961287
-3.909338
-4.990753
-1.254083
-4.263772
-1.896022
-2.289126
-4.065611
-0.650484
-2.170829
-0.663827
-0.688134
-0.977215
-3.180206
-2.768446
-1.266230
-1.767735
-2.681715
-2.728069
-0.281235
-3.149952
-0.914715
-0.551881
-1.409995
-3.988409
-1.706576
-2.002249
-2.188998
1.093996
-0.965898
-2.460063
-1.912854
-1.184078
-3.159259
-1.477559
-2.819547
-2.379419
-0.030898
-2.465118
-0.470920
-3.711643
-1.936794
-3.316301
-1.916333
-0.848480
-0.851999
-2.508451
-0.231929
-1.735678
-3.294147
-3.109613
-3.408357
-4.039350
-1.106211
0.177856
-3.546310
-2.205518
-1.763776
-3.176170
-3.427786
-0.961380
-1.110786
-1.843207
-3.149897
-2.231320
-3.899144
-5.885931
-4.344625
-2.219919
-2.982212
-1.969568
-3.480665
-3.370357
-2.189983
-3.179203
-0.226868
-1.978762
-2.993036
-3.548169
-4.270408
-1.619682
-3.523317
-0.519477
-3.173609
-1.378047
-3.255234
-2.112890
2.295023
-0.006410
-0.645791
-2.295048
-2.867939
-1.750892
-3.866722
-2.784902
-3.679480
-2.702137
-2.866801
0.597712
-1.641798
-2.566517
-1.831090
-3.039995
-2.621754
-2.296787
-0.006963
-2.700404
-2.440679
-1.499992
-1.527318
-2.085232
-2.772215
-2.119297
-0.416426
-3.002496
-3.407907
-3.710925
-2.356626
0.139162
-2.646252
-0.593924
-1.790927
-0.833753
2.496275
-1.570230
-1.864683
-3.420017
-2.661694
-2.898576
0.101121
-0.711795
-0.125189
-0.379241
-2.850190
-1.720652
-1.746160
-3.820940
-2.230705
-0.513605
-3.233302
-2.815943
-3.150698
-1.423270
-1.419692
-2.757695
-1.879763
-1.363384
-1.303208
-1.900484
-1.349682
-1.398917
-3.277935
-3.693053
-1.665336
-0.591571
-4.121574
-2.195536
0.187761
-3.117516
-3.194441
0.314594
-1.727428
-0.400623
-2.432472
-1.127266
-3.872584
-1.285915
-1.508265
-3.047825
-2.877338
-2.261764
-2.588678
-1.776421
-4.137482
-0.250201
-2.590703
-0.953455
-2.881626
-2.110418
-1.970794
-0.649961
-1.201797
-1.261621
-1.385968
-0.988172
0.154608
-2.495835
-3.383518
-5.923207
1.201949
-1.822301
-1.703295
-2.748825
-0.565732
-0.750276
-1.821873
-2.330884
-1.871255
-1.967501
-2.112858
-0.899003
-1.370847
-4.041421
-1.229144
-1.525563
-1.907471
-1.457034
-2.996333
-2.555099
-2.646115
-2.571014
-3.013603
-1.893810
-3.904182
-3.122962
0.120440
-3.285034
-2.645651
-2.767509
-2.969555
-2.241995
-0.474601
-0.988932
-2.392106
-2.354204
-1.513574
-0.445887
0.520255
-3.136544
-1.807401
-3.133905
-2.328959
-2.861360
-1.888324
-1.260564
-2.615123
-4.208230
-3.740629
-2.067953
-2.451838
-1.460676
-0.692398
-3.607414
-0.910833
-2.298528
-3.168566
-1.062085
-1.150191
-2.413945
-1.294012
-0.855417
-1.170917
-1.890822
-0.876373
-2.182087
-2.231234
-0.784481
-1.143998
-2.324674
-1.495677
-3.859385
-1.505774
-1.805931
-1.267935
-1.869630
-3.343022
-1.893556
0.006068
-3.403426
-3.791206
-1.326980
-1.538891
-1.971029
-5.734512
-1.508903
-1.004566
-2.487237
-3.306998
-1.672404
-1.749857
-2.091191
-2.542755
-1.172360
-2.561875
-2.029320
-1.501708
-3.752250
-2.172678
-2.186625
-3.062513
-0.758869
0.045028
-0.828692
-3.662226
-2.632710
-2.053351
-3.820461
-1.626729
-3.133550
-0.899745
-2.365681
-2.401531
-2.024946
-2.948880
-1.864207
-0.715296
-2.771045
-2.948584
-3.085682
-0.850664
-1.757871
0.029361
-0.789206
-1.310441
-4.234349
-2.177151
-1.327718
-1.241879
-3.330406
-1.140743
-1.367003
-1.525669
-0.914259
-1.866293
-2.012963
-2.090228
-1.911010
-1.877501
-2.181102
0.099361
0.114574
-2.891027
-2.113190
0.192771
-1.813224
-2.420738
0.497094
-1.317201
-3.242536
-2.648066
-0.268860
-2.157250
-1.447712
-1.568317
-1.445168
-1.841253
-0.799188
-0.618891
-2.017012
0.436077
-2.488782
-0.631149
-1.118112
-1.354980
-1.336644
-3.676102
-1.405359
-0.579890
-0.651564
-0.295513
-2.237840
-2.256716
-2.575269
-1.670940
-4.205625
-0.886796
0.028498
-3.426379
-1.280530
-2.796388
-3.511084
0.152745
-2.879563
-4.935485
-1.399861
-3.852285
-1.941675
-1.378620
-2.561301
-2.760657
-1.637475
-2.907254
-2.725807
-2.764774
-1.969934
-1.159794
-0.688666
-1.481630
-3.455935
0.455121
0.188533
-2.976090
1.031526
-1.305010
-1.329338
-1.613332
-1.543283
-0.435928
-1.976704
-3.523654
-0.099481
-2.781965
-0.871433
-1.351043
-1.321615
-0.117725
-2.447310
-2.274194
-4.603829
-1.457177
-0.597465
-1.621822
-1.045121
-0.973255
-1.432793
-2.399176
-2.016897
-1.987887
-0.003586
-1.706244
-1.318453
-0.916569
-1.002548
-2.784146
-2.540442
-1.760202
-3.403026
-2.682180
-1.741875
-2.420861
-0.881278
-0.981734
-2.838156
0.626764
-3.694311
-1.527953
-1.980631
-3.494579
-2.121297
-0.493144
0.280016
-2.223274
-0.358974
-0.206023
-1.522384
-1.376748
-3.171851
-2.481769
-2.155699
-2.292605
-4.062231
-0.341747
-1.586543
-2.287808
-2.876948
-0.737515
-1.632011
-1.265989
-3.058811
-0.278323
-1.427826
-1.220488
-1.928637
-1.564195
-2.802351
-3.083597
0.464638
0.275059
-1.190953
-3.656653
-2.843533
-1.352034
-1.856856
-0.602748
-1.604545
-1.849586
-0.200016
-0.785573
-1.161097
-0.317348
-3.003722
-2.846387
-2.357050
-2.328045
-1.572700
-2.287465
-0.932635
-4.331216
-0.943549
-1.980427
-0.990951
-0.853418
-1.790738
-1.541244
-1.005886
-1.323147
-0.398113
-2.032892
-0.857862
-1.659577
-2.095419
-2.764720
-1.571797
-1.768104
-2.963019
-3.948491
-1.128529
-1.399526
-2.524795
0.599528
-0.748293
-1.847882
-1.990918
-2.132124
-0.040082
-2.206816
-2.009837
-3.309775
-2.101532
-3.128788
-1.984076
-2.102930
-2.658552
-3.498505
-1.622763
-1.901548
-1.749892
-2.801042
-1.328394
-3.235351
-2.642162
-0.741087
-2.116268
-2.390660
-3.976563
-1.804006
-2.097320
-3.646875
-1.479369
-2.290945
-1.321016
-2.366370
0.000279
-2.652773
-1.579244
-2.629413
-2.947923
-0.124623
-0.468719
-3.942516
-0.914225
-3.252879
-2.859232
-4.185108
-0.932832
-2.353014
-0.965667
-0.102642
-1.473584
-2.844723
-2.266189
-3.798939
-2.360008
-3.912928
-2.362176
-1.679251
-3.441492
-2.373334
-1.896897
-3.559721
-0.829828
-0.757375
-0.949058
-1.268605
-1.964874
-1.628757
-2.284361
-1.379953
-2.148198
0.085686
-3.686630
-1.500126
-1.865752
-2.048657
-1.469399
-1.567418
-2.384116
-3.573745
-1.069437
-0.567334
-1.434362
-2.168427
-0.974819
-0.588869
-2.079005
-1.772267
-0.598227
-1.824291
-2.537062
-2.452088
-1.221194
-4.371920
-1.365231
-1.697371
-2.431132
-3.178248
-1.903071
-3.692847
-2.706048
-3.146469
-2.619989
-1.784922
-1.719338
-2.985103
-0.030543
0.875960
-2.290546
-1.305943
-2.207462
-3.659169
-1.410453
-1.265071
-3.912575
-3.297165
-2.977208
-2.970414
0.071780
-2.765641
0.430911
-1.479678
-1.026048
-3.904856
-3.006083
-2.679739
-2.692661
-2.600039
0.115627
-1.857638
-2.953897
-2.742347
-2.801096
-1.628717
-2.217982
-0.641111
-2.798259
-0.836453
-1.200012
-0.792267
-0.449127
-3.723830
-1.389322
-2.168486
-1.439273
-1.204815
-2.181861
-3.329250
-1.921689
-1.881881
-0.845648
-1.001368
-2.797124
-1.993931
-2.265484
-0.472059
-1.990195
-1.992985
-2.203098
-2.144758
-3.137681
-2.880724
-3.176650
-2.506439
-3.781441
-2.503657
-3.851399
-2.090664
-3.724272
-0.994689
-3.900768
-1.466262
-1.500386
-0.918774
-2.602805
-1.663211
-2.096485
-0.420230
-1.110805
-2.218757
-1.419901
-2.725393
-0.619551
-1.414695
-2.302688
-1.433366
-1.872607
-2.324794
-3.672784
-1.943449
-3.515356
-0.157035
-2.289473
-2.095461
-1.016969
-1.958402
-3.079414
-1.516811
-1.010422
-3.508827
-2.637070
-2.273786
-1.167004
-1.326482
-0.325282
0.655249
-0.272482
